000000000000000000000000000000
011111111111111111111111111110
010000000010000000010000000010
010000000010000000010000000010
011111110010011110010011111110
010000010010010010010010000010
010000010010010010010010000010
010000010010010010010010000010
010000011111110011111110000010
010000010010000000010010000010
010000010010000000010010000010
011111110011111111110011111110
000010000010000000010000010000
011111111110000000011111111110
000000010010000000010010000000
000000010010000000010010000000
000000010010000000010010000000
011111110011111111110011111110
010010000000010010000000010010
010010000000010010000000010010
010011110011110011110011110010
010000010010000000010010000010
010000010010000000010010000010
011111111111111111111111111110
010010000010000000010000010010
010010000010011110010000010010
010011110010010010010011110010
010000010010010010010010000010
011111111111110011111111111110
000000000000000000000000000000
