111111111111111111111111111111
100000000000000000000000000001
101111111101111111101111111101
101111111101111111101111111101
100000001101100001101100000001
101111101101101101101101111101
101111101101101101101101111101
101111101101101101101101111101
101111100000001100000001111101
101111101101111111101101111101
101111101101111111101101111101
100000001100000000001100000001
111101111101111111101111101111
100000000001000000100000000001
111111101101000000101101111111
111111101101000000101101111111
111111101101111111101101111111
100000001100000000001100000001
101101111111101101111111101101
101101111111101101111111101101
101100001100001100001100001101
101111101101111111101101111101
101111101101111111101101111101
100000000000000000000000000001
101101111101111111101111101101
101101111101100001101111101101
101100001101101101101100001101
101111101101101101101101111101
100000000000000000000000000001
111111111111111111111111111111
